#gbu_release_node
g: 9                      
air_drag_coe:  0.3  
mass: 0.536
area: 0.004
air_density: 1.225
dt: 0.01
D: 10
target: [22.9368267,120.2078323,129] # Long, Lat, Alt
B: 1.2
C: 10